"south" <-
c(12, 10, 10, 13, 12, 12, 14, 7, 16, 18, 8, 29, 12, 14, 33, 10, 
6, 18, 11, 25, 8, 16, 14, 11, 10, 20, 14, 11, 12, 13)
"crime" <-
structure(list(y1983 = c(416, 613.7999878, 494.2000122, 297.7000122, 
772.5999756, 476.3999939, 375, 453.1000061, 1985.400024, 826.7000122, 
456.7000122, 252.1000061, 238.6999969, 553, 283.7999878, 181.1000061, 
326.6000061, 322.2000122, 640.9000244, 159.6000061, 807.0999756, 
576.7999878, 716.7000122, 190.8999939, 280.3999939, 477.2000122, 
212.6000061, 217.6999969, 655.2000122, 125.0999985, 553.0999756, 
686.7999878, 914.0999756, 409.6000061, 53.70000076, 397.8999939, 
423.3999939, 487.7999878, 342.7999878, 355.2000122, 616.7999878, 
120, 402, 512.2000122, 256, 132.6000061, 292.5, 371.7999878, 
171.8000031, 190.8999939, 237.1999969), y1993 = c(871.7000122, 
660.5, 670.7999878, 576.5, 1119.699951, 578.7999878, 495.2999878, 
621.2000122, 2832.800049, 1207.199951, 733.2000122, 258.3999939, 
281.3999939, 977.2999878, 508.2999878, 278, 510.7999878, 535.5, 
984.5999756, 130.8999939, 1000.099976, 779, 770.0999756, 338, 
411.7000122, 740.4000244, 169.8999939, 348.6000061, 696.7999878, 
125.6999969, 625.7999878, 934.9000244, 1122.099976, 681, 83.30000305, 
525.9000244, 622.7999878, 510.2000122, 427, 394.5, 944.5, 194.5, 
746.2000122, 806.2999878, 290.5, 109.5, 374.8999939, 534.5, 211.5, 
275.7000122, 319.5)), .Names = c("y1983", "y1993"), row.names = c("Alabama", 
"Alaska", "Arizona", "Arkansas", "California", "Colorado", "Connecticut", 
"Delaware", "DC", "Florida", "Georgia", "Hawaii", "Idaho", "Illinois", 
"Indiana", "Iowa", "Kansas", "Kentucky", "Louisiana", "Maine", 
"Maryland", "Massachusetts", "Michigan", "Minnesota", "Mississippi", 
"Missour", "Montana", "Nebraska", "Nevada", "New Hampshire", 
"New Jersey", "New Mexico", "New York", "North Carolina", "North Dakota", 
"Ohio", "Oklahoma", "Oregon", "Pennsylvania", "Rhode Island", 
"South Carolina", "South Dakota", "Tennessee", "Texas", "Utah", 
"Vermont", "Virginia", "Washington", "West Virginia", "Wisconsin", 
"Wyoming"), class = "data.frame")
"aid" <-
structure(c(57.15999985, 253.5399933, 114.2300034, 68.22000122, 
199.5700073, 110.8600006, 199.3000031, 119.6299973, 138.3300018, 
99.62999725, 90.77999878, 213.9600067, 111.6800003, 108.8199997, 
86.83000183, 134.7200012, 119.0999985, 78.04000092, 56.29000092, 
144.7400055, 119.2600021, 192.1300049, 144.3699951, 167.9100037, 
42.29000092, 91.19999695, 113.2399979, 113.75, 104.1299973, 158.4100037, 
127.2699966, 103.5400009, 197.6100006, 88.86000061, 126.3399963, 
113.7200012, 104.1699982, 143.4499969, 125.6100006, 182.1900024, 
67.05000305, 103.7900009, 59.11999893, 56.90999985, 123.4800034, 
192.3099976, 99.37000275, 174.2599945, 85.55999756, 155.3699951, 
120.9300003), .Names = c("Alabama", "Alaska", "Arizona", "Arkansas", 
"California", "Colorado", "Connecticut", "Delaware", "District of Colunbia", 
"Florida", "Georgia", "Hawaii", "Idaho", "Illinois", "Indiana", 
"Iowa", "Kansas", "Kentucky", "Louisiana", "Maine", "Maryland", 
"Massachusetts", "Michigan", "Minnesota", "Mississippi", "Missour", 
"Montana", "Nebraska", "Nevada", "New Hampshire", "New Jersey", 
"New Mexico", "New York", "North Carolina", "North Dakota", "Ohio", 
"Oklahoma", "Oregon", "Pennsylvania", "Rhode Island", "South Carolina", 
"South Dakota", "Tennessee", "Texas", "Utah", "Vermont", "Virginia", 
"Washington", "West Virginia", "Wisconsin", "Wyoming"))
"bumpers" <-
structure(c(618, 795, 1304, 1308, 1340, 1456, 1500, 1600, 1969, 
1999, 2008, 2129, 2247, 2284, 2357, 2381, 2546, 3002, 3096, 3113, 
3201, 3266, 3298), .Names = c("Honda Accord", "Chevrolet Cavalier", 
"Toyota Camry", "Saturn SL2", "Mitsubishi Galant", "Dodge Monaco", 
"Plymouth Acclaim", "Chevrolet Corsica", "Pontiac Sunbird", "Oldsmobile Calais", 
"Dodge Dynasty", "Chevrolet Lumina", "Ford Tempo", "Nissan Stanza", 
"Pontiac Grand Am", "Buick Century", "Buick Skylark", "Ford Taurus", 
"Mazda 626", "Oldsmobile Ciere", "Pontiac 6000", "Subaru Legacy", 
"Hyundai Sonata"))
"firstchi" <-
c(30, 18, 35, 22, 23, 22, 36, 24, 23, 28, 19, 23, 25, 24, 33, 
21, 24, 19, 33, 23, 19, 32, 21, 18, 36, 21, 25, 17, 21, 24, 39, 
22, 23, 18, 22, 28, 18, 15, 25, 21, 23, 26, 38, 24, 20, 36, 27, 
21, 28, 26, 22, 28, 33, 18, 17, 21, 15, 20, 16, 21, 23, 15, 20, 
38, 16, 24, 42, 22, 24, 24, 20, 17, 26, 39, 22, 21, 28, 20, 29, 
14, 25, 20, 19, 17, 21, 24, 26)
"math" <-
c(44, 49, 62, 45, 51, 59, 57, 55, 70, 64, 54, 58, 65, 75, 43, 
42, 67, 63, 71, 54, 60, 53, 40, 49, 52, 50, 54, 61, 42, 38)
